9190704194
9912417174
9165081312
9128057873
9194872048
9121050044
9903957095
9106008200
9153474796
9166129688
9121029006
9127523149
9125002358
9132078266
9912417579
9904491362
9129054270
9128090140
9192145928
9915366670
9915300870
9912102692
9129096409
9127293012
9146800068
9932020465
9193784946
9912896775
9109067675
9173783403
9120998913
9126000961
9192369304
9196042483
9199170858
9111938196
9162362827
9901518814
9913115811
9195122707
9111934021
9918214749
9906222300
9190300629
9913762009
9199088523
9199173903
9911333362
9194146198
9904391366
9126761538
9163986325
9199561783
9917171354
9912789313
9124454714
9124116734
9108859060
9192622961
9113686528
9901212235
9135479876
9901817479
9913507005
9101979824
9121384560
9102788245
9194069473
9199176953
9193786268
9120123459
9120168791
9918303008
9160454030
9193984873