9912467124
9120230121
9177664652
9912668780
9120468700
9194852620
9199834000
9153777341
9101629010
9190060741
9913261510
9120479845
9162910041
9106999795
9192969160
9199353500
9911011863
9912854723
9129440958
9195524783
9120133105
9194026746
9921119312
9166157835
9901515909
9129322151
9129094586
9917905690
9164064065
9115725657
9926162643
9195016691
9102089683
9906100084
9193148841
9120212810
9912414643
9109099943
9194490686
9173417875
9912463854
9168937337
9190919523
9120161041
9129510208
9160436116
9928885519
9169052728
9924030085
9175343663
9906581458
9104016268
9171409649
9163517019
9153416941
9108858819
9912641761
9196214931
9199197041
9163816546
9163916451
9120644769
9195875600
9120439290
9909039015
9105889981
9121387817
9106999634
9177201364
9912462481
9152723031
9166306212
9939600595
9911166649
9133957871