9190704194
9912417174
9165081312
9128057873
9194872048
9121050044
9903957095
9106008200
9153474796
9166129688
9121029006
9127523149
9125002358
9132078266
9912417579
9904491362
9129054270
9128090140
9192145928
9915366670
9915300870
9912102692
9129096409
9127293012
9146800068
9932020465
9193784946
9912896775
9109067675
9173783403
9120998913
9126000961
9192369304
9196042483
9199170858
9111938196
9162362827
9901518814
9913115811
9195122707
9111934021
9918214749
9906222300
9190300629
9913762009
9199088523
9199173903
9911333362
9194146198
9904391366
9126761538
9163986325
9199561783
9917171354
9912789313
9124454714
9124116734
9108859060
9192622961
9113686528
9901212235
9135479876
9901817479
9913507005
9101979824
9121384560
9102788245
9194069473
9199176953
9193786268
9120123459
9120168791
9918303008
9160454030
9912467124
9120230121
9177664652
9912668780
9120468700
9194852620
9199834000
9153777341
9101629010
9190060741
9913261510
9120479845
9162910041
9106999795
9192969160
9199353500
9911011863
9912854723
9129440958
9195524783
9120133105
9194026746
9921119312
9166157835
9901515909
9129322151
9129094586
9917905690
9164064065
9115725657
9926162643
9195016691
9102089683
9906100084
9193148841
9120212810
9912414643
9109099943
9194490686
9173417875
9912463854
9168937337
9190919523
9120161041
9129510208
9160436116
9928885519
9169052728
9924030085
9175343663
9906581458
9104016268
9171409649
9163517019
9153416941
9108858819
9912641761
9196214931
9199197041
9163816546
9163916451
9120644769
9195875600
9120439290
9909039015
9105889981
9121387817
9106999634
9177201364
9912462481
9152723031
9166306212
9939600595
9911166649
9133957871